9.318017706189615 6.505206383400797 0.043917010464108557
5.888070679941729 1.6859590205803077 0.02753727596384568
-8.982919920934538 0.31143376746292084 0.08601527287348631
-2.7163083904034835 -4.993126591964314 0.07589719216113093
8.082084363540933 4.873787662290251 0.003126980243703236
4.712638610328629 -3.7691834611749258 5.406599700437859e-05
-3.0696607347947635 0.18692350881167208 0.7031882660842994
5.904907137236506 8.015945888101303 0.01084967970923821
4.46702834539748 -1.8675267574071004 0.02828340358161324
-6.99990738378975 -4.0234574794253035 0.06498793852950104
-9.742987262900582 -5.40403146907278 0.029544318812437464
7.004755630079082 9.145068487936367 0.03102435886093458
5.087047828568416 -1.5632087333179516 0.000942207435952929
2.9805465423839266 1.1368996826171305 0.28657883611673923
-5.272491710534808 5.567044720437144 0.06221970576998039
4.222282767664172 -7.81093477355512 0.0020999966283946
-9.715150472984885 3.2587651754864844 0.0625238052225627
1.4816934898097927 0.5776125687354234 0.08775086395468351
-8.388858874503036 5.4320475594255075 0.02401952649271158
8.242094613828318 -0.7921512248765765 0.033643300535922696
6.537095986232565 -1.0685096898535544 0.10244987307910049
8.962915236455057 0.8250695677826059 0.060466459160612114
-4.013235206153647 0.550819845270432 0.2842447192048045
8.340803023253343 -5.658252539679653 0.026366682052550258
-4.18367464160573 -3.0866163112904736 0.17804355511627934
6.534841125894719 -3.447072609285975 0.1573919055085177
-3.36918125991361 9.632902460085617 0.06351393384210328
9.492470412233555 -4.8845949891053175 0.009738615734386277
-1.3275706773593736 -6.905169442512344 0.037562919815491064
7.824022513064843 9.269508643356545 0.001038071382911642
4.205331309520606 8.864295936115884 0.031251772239711165
2.0928324670733307 -2.9744009250661696 0.2925697776929018
-4.840217823382358 -1.9837612827523614 0.0178942526201078
-3.3389501969354214 -2.179353494811453 0.2967967637639452
-1.870734667713629 0.5589984961203882 0.26131758310367886
-9.949989329512004 7.0638443820146755 0.02104752514538101
1.8935386044073788 -0.9320218078490043 0.18715287288267154
-8.435830409080813 -7.703836263851407 0.003648457486749125
9.05991915771423 -5.118562879239561 0.023001714910653913
-3.680394598761005 5.925693002362012 0.15721521115682652
-0.04028580092641576 -0.9343398129183136 0.8696292922361885
5.427451889577615 7.243163478267881 0.036813506552577084
4.603178478622127 6.4412553961588195 0.015377225017095309
-8.429862321120694 -7.554097849896204 0.007393863056918092
-2.3978521823921444 -2.345247410131 0.3365100519318508
0.3358930426354778 -7.598917113017589 0.037744716267827084
-4.916812445281589 3.7170370311199346 0.043649437187716536
-9.867329157356608 8.736380203126934 0.017255718794626708
-4.301037494006543 2.8113978694594444 0.13644299690453696
1.702318869055624 2.750112833447405 0.08248819215533283
-4.24826927989699 4.79907949501839 0.00915256870225379
3.7945287736831226 8.90950974340005 0.05479343778083778
-2.44127614585466 -3.869037614886464 0.24857451664958027
4.806309805146963 6.564422519163195 0.011966305055498599
-9.35277760225655 -5.953846566190002 0.04687020835269853
-9.430546486230577 -0.24996643613263103 0.08348723687427642
-5.554401980034951 -7.519634416082683 0.021701407794527155
1.5917334854829157 2.103428024760996 0.008825696044395877
-5.744947083342124 4.9059875353526365 0.026629434338187753
1.0943835705647764 -3.5600297471446947 0.24216182498452238
-3.403298809681705 5.381485278547206 0.14348479502466094
-9.950611126812861 -9.84807507880822 0.014830850091923985
-2.46326853451996 -2.988073193971605 0.423270937691389
5.338656660249608 1.1636354873674026 0.0751146167314469
7.468290284469575 3.8589528802190713 0.03440423057373659
6.324744365707289 0.9969942638703628 0.12835465110712915
-0.9072709688821057 7.939950457262775 0.007369526028696141
-0.626871481570106 -4.1830108945122095 0.1997179342810239
0.8388274973279906 -5.788057917705316 0.16741760806150446
3.0202826692019897 -9.571167952369684 0.06922108240075277
-3.83403481488142 0.5490570130915078 0.36108319382765647
6.418578334153974 7.8638732443964585 0.0006649958671143592
0.7831235457622032 9.939116209670118 0.04446667670208695
-1.0075570473177091 1.591802465036201 0.011970360663069916
-0.9822706966036385 -7.737727781585155 0.009565706125935752
1.0036587658768354 5.7373827146737995 0.13177029594041642
1.3133587152281194 5.587357095059213 0.057688290838051284
3.1759215974333284 -1.4955972013328633 0.04660013097232709
-5.075468655834241 -7.90188949272542 0.0014863794719056536
8.01776502994996 5.250225163978568 0.006846431421807357
0.30067773928236186 0.8854460186298692 0.8852997117517715
4.902173241633125 -4.39364333741471 0.013175395899843933
3.8218230308035253 -4.892748655427073 0.03521289521226721
3.2208051266069386 -4.8978564903039885 0.05209972997695594
2.3443111896309716 7.404183915117827 0.04563064144880304
3.8727088482382417 -5.593064644350245 0.11889789521003978
-0.42302724150799165 7.8868120785644535 0.004303067413879346
0.03549603666226808 5.122290724630883 0.14443094999396863
-3.911225892471255 -0.8691413678960949 0.24384846979497088
2.447604494594737 6.207632266177399 0.1657939787460213
8.728115761213878 -6.500012848268675 0.039821383680187894
-9.145567253729892 9.060234731697246 0.02458749959246269
-5.80136942889752 -3.2308898451533086 0.19298055552350948
-9.927946043725305 8.631139099084049 0.01531165252620878
-6.961716253489747 -1.869727874258679 0.0414805202825329
-4.8537312433015884 5.654224311783803 0.01900442890588492
-1.9662818346988704 9.426180077946462 0.031104808063644112
-5.739241732986171 0.03490874311245307 0.2524748926055772
8.928144556970857 -4.397199893655164 0.01975765038629219
6.821175455457741 -3.209937219397303 0.13884711586767792
-0.6803193277113699 -1.1539199776706788 0.4028052976861021
0.5361024810610324 -2.052306549100587 0.3926456665000653
-7.377921639148941 -6.435623924333651 0.03465752248099645
0.5378878943375209 4.691682539024885 0.00736805894347469
0.13110485365112368 -3.979499096229853 0.3518212561513249
4.291822211674663 -5.518948040332054 0.057328717058881665
-0.8150047914056664 -2.8045355706244184 0.4890163136564816
2.1506359211906734 -8.168544251618286 0.020296834268303046
-3.3073218358071905 -2.070748981799076 0.2575343014631171
-0.3725176026142947 3.13375270197705 0.6505912669704271
2.272193890707346 -3.6563799344538843 0.26748833252496745
1.3963757041968972 4.101357407871433 0.0469804306185227
7.5598622290495 1.336137780027773 0.010431661170680017
7.276253608526272 5.30862889851538 0.03046527200376481
1.436134312270882 -1.8244556795196871 0.03107555711727882
3.599938612874084 -7.181658566948153 0.07675641840371555
5.744900232815894 9.990690574288976 0.03110596939719042
6.599234048866553 -2.7790105965273115 0.16337448203261667
2.810893751985832 -4.863044000415584 0.04365527234375369
-4.246313123122896 -2.178659690475353 0.10458424616683401
-2.7640892132082495 -4.793820454241098 0.023908904417319014
1.3549354804973763 0.8946883116369726 0.1560213990822145
-6.228364994051012 -9.309978250997432 0.04741988847992143
0.3739171345778054 -0.07930296754872046 1.6339306512833867
4.08154806432635 -5.5233891618737685 0.08666794789123881
-3.2595276497957286 5.791563725867013 0.19106447141081218
4.593709897534101 -0.35504868093699216 0.04779963065565226
-7.784637318375416 1.327381260598866 0.0024017951184751945
9.923495137262389 2.194092584460794 0.034638143478005666
0.38091021326955854 -7.533604394123261 0.04730895345754972
-2.5257825187181364 -1.0694569512304781 0.3144825345826432
5.564733312750395 6.9041672326452 0.06371871857690685
1.6074741200967395 -3.335178311077276 0.020949655939431048
4.9179261372684575 4.318270731340505 0.017690352044984422
1.0384551351561804 -7.907146585149157 0.0037794201404541677
-6.148718067655825 5.601924772185342 0.09621502547789702
-4.194224574370025 0.952426849660295 0.1369181497594274
7.330007577556913 -8.961179889805596 0.018874060189207426
6.8701072740190625 -4.807665574863959 0.009681333810085999
1.8286880378220687 -0.3187138734135342 0.2609041610785217
-6.220465545073477 6.58089112220194 0.09326501053153079
0.09361160311684102 -4.696430038275552 0.006638914183597678
-8.956798886351798 -4.405164706414175 0.01937606825949689
1.6622532970947201 -9.040009781728815 0.007907732894227549
-0.5147541982422776 -7.05304546670072 0.11834132911796512
1.5164075426715584 -8.99223816578129 0.004723082237565215
1.0237592127551327 -3.67222142627861 0.25179040075356185
-6.979867383085969 3.229929330652725 0.11768824260232183
-8.186667596505595 -5.051484818832761 0.008798195098060079
-8.61511711951663 6.080014721160111 0.04019916814432314
-5.704404710576137 9.607738441610941 0.03971659174876553
-4.554208901845627 6.5412860459540525 0.021374145774457485
-7.405159592216249 -2.9814360109425415 0.05986864063846001
-8.409612566880195 1.312840800849779 0.015768545331649633
6.639799483864955 1.4705176726337577 0.019444131569496988
2.0904910804520664 -6.885939706225237 0.07431780128302931
6.999532451352501 -2.2558858443229806 0.0822501775777252
-8.962247141299688 5.4731097358885865 0.037247790222583094
-8.837903459094322 -3.312719495134986 0.07059482508071284
9.789757062745721 -5.254909286586988 0.023760774212616013
-3.45711065550657 -4.247193323796834 0.13744223427408658
-8.545449954369946 9.804117469577012 0.015518376379581143
-3.2231603952864223 5.053546860307527 0.09044250297531552
-5.172393877655182 -5.929319000999613 0.06046883986133608
-1.9921019121513517 2.424162095164146 0.2165502883557605
7.782747145907386 8.386886864167256 0.0015955213733361495
6.57908238420665 -8.231397123935693 0.02102447366802368
-8.884694092827418 1.3258915716761965 0.020823832212466233
6.404479611812974 6.644428828778899 0.08568108108597725
6.760479453680034 -7.044714669976829 0.049626241967787234
-8.142963488292425 -2.6789971057346857 0.029284641439845667
-8.543716067228615 1.0902656023125452 0.03332202393105556
-9.375830807736328 9.52542848474108 0.023090497150087284
8.85676521423806 -4.133799864683379 0.03546320673251553
-9.27769625640555 -4.8252725174644056 0.006825710897987906
7.52768784862873 3.9849388638061196 0.02492801240698066
-3.1307024147776152 -1.1661348832733829 0.25854898003264065
3.927449369180536 -6.0944095347685145 0.1238637557541495
-3.83478921793089 8.531272218561398 0.042664064901118855
2.7743327793055883 -0.5403334171969725 0.6239343924651513
-1.3563454978393015 -6.05233179852757 0.05241436585618809
-5.753971139972435 -3.2995258680333333 0.18685178830220173
5.339641495411323 6.624459961217358 0.06487479524841538
7.756169965689736 -8.842243715899036 0.0032339618651897766
-9.74761931176608 -7.6780047451257065 0.0053077220995898415
1.5088857168428476 -0.25853847778484607 0.07181605181033777
-4.130093731008708 -6.322351651416502 0.08867022492233607
-8.728894067685909 1.0724759248429976 0.03911520075281407
-3.8720027350483317 5.602191442700228 0.1195810993274252
1.2052174788711874 -5.9348747364456145 0.08926912829167911
1.4351086347916109 -7.39843131073463 0.009652744020985725
3.0725766142552953 5.872761376466862 0.2008369784876095
0.984757109827834 -9.444771058598096 0.04666994514231116
9.4873026932853 9.972131951335896 0.01733893568666172
-0.15419775983818163 2.4511875608603777 0.6719652352443605
-7.033579354095487 -9.814610995865529 0.024173372230901262
-1.4149338365659965 -5.429015705336373 0.03142609277322224
7.3397364303684185 -1.1064532811852423 0.037107765117422274
6.646896444048053 -3.9834052412766603 0.09405809303412983
-2.0940180724846886 9.15003632059489 0.04209851526125225
8.957063451656666 -4.983784925404036 0.015706313112458997
-1.084529202536853 -9.337621251213815 0.04056532331802125
-0.4857516503641399 -5.452971770249643 0.1924152863099896
-2.166313259612471 9.801208337636233 0.036753983556000624
-4.177265088784134 8.199044972331155 0.016058259656368264
-1.804334775756228 5.519018672493395 0.048236109852125716
-1.3194591922878587 9.187689543723337 0.021912019759833472
-5.454361066502498 2.265756816533962 0.12084149643159299
-6.097919459669406 8.436902819073133 0.03367259385513021
-2.7754313990916284 -9.760414469541965 0.05988615051436876
7.216354376540917 -1.5431834035458625 0.002808811197438938
8.892380236439084 2.1616728026603997 0.04544253665614296
-9.338770374719147 4.201328760285538 0.032091185766634334
-4.9267435404404925 -8.271200957772377 0.006963428740334351
-8.306598399570325 -3.881793361492889 0.030391656250316017
9.690313301191367 -9.6491722985866 0.019716667378187693
-9.176544313148824 -7.917949855764126 0.002180606421347402
6.2148606639351875 -1.1311127779447911 0.1034185803766377
2.8959783685361913 -6.483300824255018 0.17828336898599542
-1.7811633851657795 -7.688319407525366 0.004960881958452557
9.415127317411578 1.598838683021203 0.002324209763597964
1.7034715981579893 1.7014881766785432 0.015452920657493494
3.824647871295337 -5.522142427628225 0.11969503656436724
3.866497424852218 -7.37407880503262 0.04307841766070083
4.0577426282165 9.580344035696754 0.0375073113702631
0.45867258672912214 0.7921292072602384 0.9282851180737894
3.0120935730245595 -3.4712548432025496 0.4055216146427271
-6.039331543291153 5.301699280041349 0.07405049836627234
1.968696992015209 3.6778438237812523 0.16584152542942052
4.014203946979059 6.737337276687118 0.08460239316561198
3.404367179457955 -0.8013272383366061 0.4188076095110924
8.402934173373833 3.539744485724036 0.04604483602415356
-3.652299166021413 1.5746606860463537 0.0017908115353193021
4.592111941411233 -2.710550792818827 0.03686036692578538
-4.230967966519188 3.381742634118087 0.14787660083015744
-4.422298113936236 -6.154737721548573 0.04536553908125268
-1.6800866531481091 -0.19746457302027665 0.12171176709097761
-1.9313598482697572 -6.850248416013731 0.05550099302701556
-5.319013271763559 9.425624738566679 0.030917853585441833
2.094585617484338 6.912587086296604 0.0727994662352403
0.28981187453436696 -9.249606845851767 0.08632927090304841
2.3223711783324887 3.883163217974417 0.2228521448979993
-4.852343202889067 -0.2763284843360925 0.05311465486182615
8.367863335363928 9.560666670268706 0.01410226176298509
-7.951884826710726 8.764350961757572 0.0029884624399084676
3.2510352456777785 2.0235469312475693 0.2426536676198249
-1.3691461266480758 -5.072824209693314 0.024514341405001375
-0.33694265330875695 -7.777425057736565 0.010777067132282046
-9.943112682168053 -2.165130614754524 0.032725341236302885
-8.019227842922385 1.1699310738806261 0.008615804900654207
8.243133918884606 5.698156096287539 0.022411318737539005
9.151009444275509 6.192341261001989 0.04821801651402829
-4.795988716171735 2.227340629840535 0.017491233075800427
-3.5185327029110365 9.246400742414927 0.06765180198773248
5.579779178333524 -6.557095072266792 0.08326243726687516
0.5970050028093805 4.536391617567418 0.06301397942584065
9.186828166873681 4.155960849162115 0.0356201000325335
-6.139634242261969 -1.6139709382399872 0.010295158716753868
-3.374336370117841 -3.2599445333535844 0.4044799173164213
-2.8117931547826753 6.03411972501355 0.19936391779653176
-3.3234456319495536 8.133114731100726 0.028978097137496845
-4.319427809399774 -5.325266086997839 0.044807956967766814
-8.696283860356733 5.233921645159057 0.025231573668092422
-4.948344316894701 1.0259678141564326 0.04495710372852925
3.3723539548832413 -3.578570685210294 0.3425063479202726
9.451853237069567 8.838640334577388 0.022295423322352688
6.788112064670269 -7.301617053178536 0.03309888483356202
8.762200486791198 -8.083405648695454 0.006742451353055341
7.266922999174085 8.182810388159186 0.009317760869333848
7.769106059702903 -3.39184216616742 0.009735130606973
-0.7272256610812189 8.670969191598829 0.05990794328205393
-0.7311472094970881 0.8046209320533428 0.7185022794670525
9.81861458973546 2.5114471282719855 0.050894327127351556
2.808318520948145 -7.85316552041831 9.568293664601477e-05
-8.511408872147912 -6.882757713232515 0.02625919909461871
-3.082229111773291 -7.4177583338212365 0.057978578039527544
6.644813524405684 0.2873145802370516 0.19542469426106596
-3.927807500181686 -9.811508232825503 0.0386270723492384
-9.629926654904747 -3.9200090808442773 0.04356845683497923
9.360276017210126 3.5110941853108795 0.06645778775599857
5.589686744163288 -2.375257013193435 0.1463371456801048
6.890966074968329 -4.8692963402238405 0.015406401422737175
-8.364526040738978 8.90519224989794 0.014450912818370827
0.47757017668515545 9.147844378829475 0.08063777578956964
9.96131153381834 7.957004567275476 0.0025223241036890485
-1.430648961719692 5.277467347199437 0.024175259312310304
-2.1125314335756435 0.4690069111889521 0.447166896949283
-8.095926209724304 1.5163725471086753 0.001673743008505617
-2.8088473290040934 -7.694375745537442 0.019586650425792735
-7.015512679828144 8.804046306924874 0.028381857819716347
9.139396635952089 6.666347915253979 0.04099965125801588
-3.868080911041602 -4.849701846083956 0.02588007049470027
-2.7221686648056176 -1.3252957813647548 0.16182286653593522
-8.709765902558736 -4.338985357035705 0.021498078608843313
2.678628825415572 0.5250595893586745 0.6233563225373971
6.332624197647778 5.877183072149688 0.10302907945015573
-1.1168791525794646 1.2239849625191894 0.1715812639567596
-3.7256655798707623 -7.707240014335143 0.014061996852851097
2.587751596187749 8.554219248773606 0.05573040699323792
0.4891095073699159 -7.289695175632853 0.08268110972885223
-7.099642206449131 -6.589853949571463 0.05170860699763444
-1.3714045278485028 7.921722404248907 0.001838776584451343
3.1069269955126373 -2.721387997498641 0.4606040442012066
4.711875934755767 -9.756970932551116 2.6195217035693493e-05
2.6369959741702687 9.634668290538237 0.06130910303352429
3.076852443848992 -4.2602450626703465 0.15126343590715235
-2.6948567921499382 7.676974616612728 0.021088751551796084
-4.264233995935394 3.9214604451704353 0.08933865586256931
-6.198479878922047 7.051513766479861 0.06267732345304235
-4.283445899429701 -1.3086174312185896 0.0484457230965524
1.914102209398191 2.303634132735361 0.16595035165168998
-1.0135091626306103 7.0059588760641205 0.0749314328603886
4.722724698397274 -7.664496375639381 0.00019366977150101416
1.4612535596536969 -7.647028311623227 0.0033532191989994035
-1.8463738376056842 -9.448109168172916 0.02197951978063949
-9.435825085397587 4.620427857532247 0.005534102289851646
-4.360769306625434 -0.4251720316614751 0.14566004864495963
-8.482835360545804 -8.927136921145253 0.017048122086089367
4.804489417159418 9.409758838061435 0.005434218159705378
-6.263665395644368 5.205595753812634 0.06268983285556053
-9.4290265796962 -1.9081100154820678 0.02679985613626029
-3.5777339802738295 9.674608935934547 0.05641639935067824
5.662115568041305 -8.126891374433159 0.01614355489529503
2.022677090737286 3.8968194359727946 0.1471578594949199
-6.629924867020751 5.83084584298922 0.08916438090143673
-3.326587806682621 3.4449377617970285 0.3801827903003164
-3.175484998207219 4.372096906819582 0.11014534860334851
-4.599375360253333 3.5617062046457644 0.029620928427356415
-3.523914462199831 1.4564630720372396 0.05939050158974556
2.916828299835096 -5.510954284406253 0.17476252393391484
0.15218415959436804 -3.85303915378606 0.4140927342773581
3.51630564848454 -4.873481955345187 0.040273333322115586
9.034632820484042 1.2225994563510607 0.030220271253198344
3.6290385827866913 0.7798023715362987 0.3645902663635684
-7.299210027896557 -5.206840858435919 0.02517385057688886
1.349901279535441 -1.830812432672042 0.05278155180389755
7.216456888145231 -5.176682738754989 0.02761167379461677
-3.5755098258723113 0.21731142667534442 0.5369003938667781
3.1833731071035984 -0.915947469185701 0.40342150321145176
3.0020685276744956 1.2843130992666207 0.18846794862627606
-5.868361029489211 5.625319257036871 0.09639979717930344
-2.959999404424172 -1.3425112227260847 0.15066447982892603
0.05456805410671883 -2.1188331485726852 0.5133304879210276
9.314317667503943 0.05669068499529928 0.08897464431387243
-5.1044162104103545 -0.0862957859829887 0.13883531206669733
-9.865936342121145 0.9679493586142662 0.0376529965102283
8.535325909226643 -0.23782868876800123 0.07108273973895284
4.575682010608546 9.47606254612704 0.008157209614329641
8.557364401796882 8.318397409279711 0.010847647251020841
6.773941152841548 -3.2671505801406076 0.1426677052029728
-4.247768183905052 2.7297261995679705 0.15258386310639183
-6.9615699035295115 9.457997878560665 0.031046056201145027
-8.604177260893826 1.8259320059468482 0.01834019356959021
8.885956091351382 7.95197238190989 0.003154390261035547
-6.356597011845537 7.276909010734116 0.043446284812195465
-9.517264312156012 8.820770768158027 0.02168169338606057
3.27192145364622 -9.597754908202665 0.0665068050406872
4.913245376796658 -0.41666472238737207 0.07052294778684581
4.786185155502105 -6.736283303296271 0.008437508547767435
6.381150901942462 7.327051887907633 0.03925029326578017
3.740378111182416 -6.1689299178405 0.1481846380638513
8.848777087943542 -9.02506678937868 0.022867586633225138
1.647232617329049 -4.8534683647498085 0.0038900364257957766
-2.059466509437158 -9.273282784813983 0.039126006447406776
-7.234032083506358 -6.105050512307315 0.04874702700343313
-9.519166624612485 6.0657000360876125 0.04515533653232456
-7.6118549932674835 5.534862574107983 0.015253885484034935
-8.716190213492155 -0.549401565880089 0.07046884243337992
-4.113231856831252 4.146073064311588 0.08637650520878659
9.113668194327392 1.2907591553397513 0.02447281004840353
5.757536271138221 5.665814571233776 0.09550762595895773
2.2018223951005407 1.0066356747119514 0.2815137747686752
-1.700008998958797 -6.53639700684572 0.026262236338956246
8.17114959609512 6.414952729096342 0.01938001504527808
6.923013122309758 -5.528064319601604 0.060958938231533824
-1.3997892748804688 -5.327168482731892 0.031301752058344505
-1.6911766429709658 -3.555892853245024 0.05917313432071082
-4.74217849208306 -0.159931121399282 0.012093727281294457
-9.788168069477411 3.5310388971721256 0.05389322227726751
-1.991499965337372 8.564154445116586 0.028410276584788032
-3.973401874654739 -1.5198857541591728 0.016601948810054674
-8.392527419697277 4.069548569569596 0.027452234169939107
-2.841421446370096 -1.1902312597917089 0.25415001391005726
0.3233657269118666 -1.727170884138845 0.1644119932414427
-6.702096095110967 -0.41116400474667714 0.1786111792644891
-5.856895955617856 7.746805928620251 0.007650178973969866
5.351540304281951 -0.5712072070787482 0.1669014594807058
-4.572836621936305 -8.295802906763114 0.005059102669565322
-9.439676301743546 -3.037402768242245 0.07296030373887083
-3.833896995582908 5.242642330317597 0.08935023670996661
-4.638567958142319 4.304189709601731 0.007103973958730992
-4.130048237948698 4.7134350750296825 0.00014247034537436036
4.017865221881342 4.794534090417377 0.013054061241237206
-1.7535435987102552 -5.438311598660171 0.035919003596318395
8.991990840345736 -9.09182839577815 0.02417276332145321
7.405911250426158 -8.561699536497713 0.012940140270818709
-6.2175802376411955 -5.480976603259284 0.08755280324986403
-8.7835651867242 7.212931401164845 0.021689496215315403
3.2484933147812427 1.3208892856058476 0.15280404832863512
7.294770806960798 -5.626124108377468 0.03896899344410854
-5.010996529855767 -7.839640858310957 0.00037955903715634356
-1.9157071858959203 -7.20168718509025 0.03423593596385519
4.557933352667247 3.92063480738668 0.029510962682765974
-3.2150822638566723 7.642932695407588 0.026343515994787643
-4.126518179819727 5.142890382172656 0.05124245905570327
2.592473607705667 0.29974179001970924 0.6829094004907028
-7.971740869711466 -3.9595615158068203 0.008266963239207283
9.61424700260956 7.864917126274339 0.0003418522764582576
8.103751664360239 0.4313841126734381 0.030027380136109068
8.500947282916382 3.5353535165257775 0.051735195517476115
-6.504130255428278 3.0472898575995373 0.1772641719872837
6.4819029912262565 7.0280577161803635 0.05952819122259249
-4.045801044272064 7.225833916145522 0.045972642153300484
-9.527628327555409 8.431855448878792 0.01564188297491131
-5.231988598071274 6.669692541299238 0.054517330081953724
2.131815151960561 -4.317166685788987 0.08230758366165708
-6.88668575280081 9.82203668390284 0.02785087043150275
6.263071536979602 -3.3974403612793598 0.17992436741298284
-5.291009016502022 8.16562692674323 0.013090741140135628
-0.1929914638636383 -9.350518868762798 0.08665196265017046
8.826879850064373 -6.211083615572277 0.04515336875061342
-0.7512836430136076 5.706187757852778 0.1798664942103501
-7.379881699846651 0.6575820737396327 0.06114521573149196
2.3937870965023205 -7.356283372478276 0.05311697534413116
6.97039301070695 8.357875275610876 0.01984003647527418
-1.9616099802275944 3.9495537218759242 0.12104757615465368
8.788121868192814 0.43114142812956757 0.07778798212744799
-1.1004293529317888 9.698037827136591 0.033726275784840054
5.276247799165423 5.143110780249112 0.03827951885163795
-1.554742414512436 3.7153929780738633 0.007042706025608176
7.4741790785984215 0.42979702425380495 0.05557740610024271
-5.777152256205627 2.966372102726849 0.19771555671022895
3.429970989118152 -8.03376463348603 0.018644592959391297
2.462566152810936 -0.520786425983772 0.5834025957332621
-2.405261516631443 -7.274044575674452 0.06316383645687475
-9.571283042841962 -3.0347448398925447 0.06923144109833732
-6.276359611272728 -6.552358103032692 0.09366724859135389
1.9142544535131023 -4.937001123763112 0.0256778667550092
-3.6691634496929844 5.944751090916128 0.1588129292455133
-2.5385345986250796 -6.529273896285652 0.15464246639127513
0.6687424877539367 -3.341463756415955 0.49388681364832193
-5.91199450530498 5.2388859373497905 0.06729948150014191
-2.8037750168594355 4.3229200070367355 0.12861508282369216
0.3467172291012055 -4.478450154892428 0.09755676072612048
-6.870248026208323 -6.202338155840392 0.07587878620672656
9.243066015888118 9.234894361141418 0.02480056529615111
-3.0841532556950924 6.011004209907 0.2022952627411028
-2.4705107511391633 3.0683031649125425 0.4201828658250552
-8.084666084411493 -9.49551769044118 0.007140605339411974
7.446245622277555 -8.147509754920572 0.00579226036836333
7.979062743574271 -1.3493428636872125 0.003692560182947994
-7.01269147540496 1.5927600624139533 0.0029792328249519336
-8.596813873871485 9.816564333545806 0.016143453514856344
1.8964862395617725 3.0747587072237472 0.19150607439761896
-3.2928326258552465 -2.979085692903949 0.4440802148587544
-9.795101447267676 -6.8677327865388875 0.02883302933063326
1.6476982417963697 7.820781206633143 0.0003552832962096903
2.8359901178993994 -9.831363485916317 0.05783984883575606
2.472214337442278 -5.769781959119477 0.16858230208514957
4.804281866144409 5.356354000964984 0.010011538540931966
-5.1541793493268395 -8.077912247047168 0.007786465588065401
-9.764915827212148 6.777001200704305 0.03158281505644873
-5.795128921763155 1.7265335863860525 0.03650694245169551
-2.0199000792058186 -3.8039891858122443 0.16292499469261507
-7.786381275695868 -8.203660866891113 0.0010667584105619934
-2.127618730390857 -8.833277875378318 0.042450454766173304
3.4296432639438805 -2.5850470455565233 0.38902675372773904
-5.237001018319674 -6.738005255564222 0.05233572636188276
1.481435145799022 -1.808408440117205 0.01927318729614993
0.5334483551552864 -8.454363689028773 0.05777637753534654
-6.071619599528802 1.9147608985979065 0.07898130161728727
-2.5837818269726114 -0.6784996250784339 0.5422300287406054
1.1148498979160326 -1.2557156910216616 0.15592424593616244
0.5877437796846472 1.6027724438825963 0.030121221333745753
9.477783612735916 -0.8426584977830114 0.05573054119893726
5.902220384362526 0.033761381287547465 0.25943337138659345
-6.396607767693274 0.03835002160142764 0.23544558882909478
-7.919814738777784 5.700923252612908 0.004249193094022874
-0.8253375227795612 2.580819779512675 0.4655963496967199
2.4477719952747137 8.668358220702256 0.05554124840969295
3.978823250359726 -9.086265663246012 0.04628766367596147
-0.41083115702742035 3.4695600535498823 0.5416668500528615
8.360345438738982 -2.1240150885937776 0.02874441193761883
-4.054169369232666 -8.298298505572415 0.02420357319239233
0.13817984894631152 -3.090517492816895 0.7054377342492261
4.159255400606792 -3.7639321221788213 0.13160021671634117
6.4852754770475585 -0.8780931071575466 0.14123310178683082
-1.2180801467559021 -9.98992476567227 0.02037591431268378
-6.892612100622976 4.149309208256032 0.05991637765586723
3.9907006426858764 9.80732810960098 0.035943761167936746
6.6160738880401055 -2.0425474224976448 0.08543040468517821
8.143081346246788 5.6527657906998705 0.01691531376191701
-2.5679869062896765 -3.5038214406854262 0.3692077959672063
7.277958698465191 5.376835838592855 0.03290545587408487
1.032341701624981 -5.110536827297693 0.06994005223432308
-1.8937027877212724 1.9145917123233787 0.0871776354447392
7.793687542961955 -4.075532609953463 0.0038204607768807125
1.8153607674323986 -8.48214862364836 0.015793887885923005
9.50570225762797 -4.3098194022901755 0.02408401235639261
2.345697193248741 -4.198607934673988 0.1384114453453104
9.203939027654226 0.4462281353965345 0.08158805453537457
-4.377732357769178 3.423333544126127 0.09897351625467118
-9.53589868414734 7.060311482056601 0.02714796492608712
-3.460773898083196 -6.163294964150177 0.17870148054443985
6.1907256841362255 3.9623512950103486 0.11713688484830147
-0.4094404376221288 2.912623179159885 0.670325443279034
-1.7057168225508423 5.628690184295525 0.030048867190637665
-4.569728513549471 -9.945074615090114 0.006423981022843036
1.7854570284703808 5.135489712209436 0.02856024314087547
-0.3784497251053516 1.1033656349507996 0.567648679589888
5.355526425416112 4.718911096038916 0.0007244983944856306
9.592851679550265 1.3781306545959549 0.014928491900778041
0.8203086060810776 -8.030482614001839 0.016245029482966772
-7.637531654118885 -9.802356463152883 0.00634376918234495
1.2329641219943372 -7.718686979288087 0.006604392508204176
8.740105544155394 -1.6630193553398858 0.00735166285060817
1.3694237187741614 1.2836651852293652 0.06059885119674008
-9.338716483303113 -0.671918879098591 0.06879596531157567
7.586534408784164 0.8643670897973479 0.026917565676945563
2.8588531206087815 -1.3817350747878177 0.12525116015265408
-0.3301840393653812 6.173601987913244 0.23949839135371623
-1.8694837269922164 -4.800140115459848 0.009262586758125078
-5.916540488324702 -3.7527342208450083 0.1479698044510467
9.53130312445257 5.557196503363045 0.03759883653087936
8.250571728953396 -6.296173302541548 0.024290996226897118
-7.267309695849806 4.614950885455924 0.0061095479272915455
3.560183959033523 -4.017944548803589 0.1953550837259635
-7.1697405242363965 4.966789507588604 0.01737731323083981
9.94974676120194 -7.38347623357855 0.01261813102966673
5.9925464534077335 9.96498396725212 0.034070369740664894
6.764619355242473 -4.397892681050532 0.037240572474717626
-0.419115915065829 7.677483598611737 0.024723650892456404
-0.5624550700616524 5.399797241574834 0.1757520400746907
8.282899958126592 -9.118323204158372 0.013060843441839661
0.8106555927535943 7.853039517450451 9.342939767103177e-05
-4.246145522872764 3.8902042207518583 0.09660784228170832
-7.076249490962352 4.384954130830174 0.028142879486198952
-8.278114695980786 7.395387744799265 0.009007036661677403
3.6419145679648075 -3.9483672608865934 0.2025981592738866
-3.042272727598796 8.669995810075577 0.06778426443527369
4.553713957878006 -9.494672534374986 0.009424325998077828
-3.1486205956263795 -5.160724465115248 0.11556140588836654
-2.9316633560865117 4.180095032830881 0.18101462333421223
7.796358247339892 -4.110167263583408 0.003456951029146304
0.5091233682016583 -1.8773401791845608 0.27555599377040213
8.179257560263316 3.1974306004871274 0.03416581850021613
4.572932270391268 -2.6155768150168495 0.04152857910158667
2.7329834591469755 3.2681214173786053 0.44004492500449227
4.4554617708825965 2.914764624205585 0.08395112720524948
9.788381646528808 -8.710666917132954 0.017912253986430295
5.214456193500661 -1.8951176542377581 0.04825562462159855
1.1941050312872008 -8.969915591071944 0.032370071691505575
-0.4517817634469381 1.722884243448494 0.150552239289855
-5.5198493667643955 7.401466145684758 0.029104948258826292
-3.9823741601260103 -4.36432698825646 0.06347938237884575
-6.677772906073882 -9.994974476796791 0.02827267687149337
-0.5888085349227055 1.5660389226065092 0.004530147179862381
-5.040070507775731 -0.2787045525946219 0.11504084774063653
-5.955523320414322 -3.421893945576091 0.18435998535791043
9.096201667843712 -9.209340621782406 0.024724447601174874
9.914996209217716 1.5836664049948581 0.0007991798605461219
-7.830226448336843 3.4850905148040106 0.0025695563980090755
-7.9260039129876825 0.12402521804962419 0.010167764083226918
6.1631493592812525 5.083630548416112 0.05023073569880166
9.287218831354558 8.739490640362607 0.021859535477779985
5.809196382360206 -7.881093989417678 0.0018452741309669303
9.640461090978398 6.404514228662798 0.040939640798587175
-8.43601024252182 -6.9345464760235265 0.022950723729361147
-7.235205769873483 6.423121264095084 0.045669674343546914
-6.058041829075007 -6.608231561136497 0.09306249924590336
5.991206148299691 2.028473348505809 0.10276838808141203
7.4976818556481035 -7.315613935016665 0.010890430683117971
-6.579177982087558 -2.429182604617006 0.13977033455539584
5.333256201449876 3.8993166356947757 0.09343743839394551
5.44418804953132 6.0647069788359325 0.08623508990763176
1.6667087783224073 -0.24533066004961235 0.10596332504408966
3.333225950861351 -0.30190202831637336 0.6143236465005519
-9.455423084398507 3.572758453048113 0.06249894666575716
-6.496932228176457 9.034994903950903 0.04427612043663025
2.3056900379496454 -6.499157379405482 0.13149916134522538
-7.531382585776429 -9.561676527167261 0.010865125249233132
5.261139127507031 7.081141836137725 0.038483739443379454
8.256086659328151 -0.6771634152025179 0.03855957959700463
9.07310843716877 -6.001418728246206 0.04800963212927425
-9.586934459396822 -2.896517079979091 0.0679685788849507
1.7046000636676677 -6.614096814695321 0.025894073968259816
-5.962109004537879 -7.917830906299541 0.004449036786353153
-8.228370316935216 8.705657854376184 0.010150168945907586
-5.482392408842866 3.2493810373202603 0.1654289080758663
2.397007943654149 6.636323815856329 0.13134695922989312
-2.642600984410752 -7.200652580469855 0.0827863894406812
2.1443200385065992 8.209935232963424 0.02235163231338248
2.1898456282096426 -0.5218804520507536 0.47503252083630026
5.490425665475321 -2.076839722825234 0.09616166479475116
4.635646010171627 -2.4477372695225474 0.020538183101731316
-7.3262607192652185 -9.767445440038099 0.016200792481989197
9.145703167819242 -5.834280230822837 0.046574525787946595
1.127375145748486 1.6829495094210927 0.048885108920196485
-9.547068975672126 8.023329823739186 0.005237775316912224
-9.893523675915645 -1.4673788342547223 0.006567178121488676
-8.20722326657618 4.734202527453972 0.0006413737354170692
-8.776245051009486 -0.04306290135589563 0.08542061800238776
0.33731387693592296 9.667782709955564 0.0728588012893593
-7.985261917014041 -5.391668217815953 0.006626481709422212
-7.361001584547136 1.8168842553507663 0.01841735016461239
7.50837102612331 5.897606287077899 0.026040999090506212
6.990902382740526 6.887931440662452 0.04744989410626851
-9.114198244459855 5.253816507819076 0.02943862273546915
7.395574495041799 3.0034855004455796 0.06127269293262508
3.9343512587262897 0.581887036813999 0.3114956715641254
7.596978033785405 6.606279510338091 0.01681382486004608
5.356081474167205 3.3956328662042843 0.14030102291688376
4.413895184065407 -1.0316575493076368 0.06664262843711792
6.841172021197096 -0.44997476849898455 0.15543670367989895
-8.979368733456226 -1.7992601059885693 0.019308224670718445
-0.08216326030545673 1.4050923612621542 0.20566037509388288
-3.5812733004607207 -1.273985933977384 0.14908671688889616
-0.13982432254326582 -9.41806455137711 0.0857444766066582
2.7729485101537783 1.6613305169964043 0.05742336079167434
-5.933539215270704 3.3295016325706186 0.19109611889758268
4.0950258027360125 8.79032249125547 0.036795466515396454
-2.8559484421135366 3.5964651315040914 0.37296157492025056
-5.123425773582946 -8.420447200894083 0.01604760646470265
2.6257339754944766 -7.92131705143216 0.007249588404844034
4.821309796050635 1.9585347269592503 0.014505660377015932
4.810050664492291 -8.345463937297195 0.003711160841732057
1.485925066742091 -5.705647949478003 0.019901522861717112
0.9702326468483875 -6.6024466031954425 0.1160310815358997
8.792621003316608 6.075504144809745 0.044788693619248254
4.43158463784564 1.6539250814954958 0.009510460081266147
-3.381876898479459 8.852435538718844 0.06936235056183804
4.724492624368592 6.4958012240923075 0.0016265376603214808
-6.028028070035017 5.890845731850051 0.10771340557539989
4.682650955912656 0.9995205934262845 0.006517560879078706
9.176915329269587 -8.439321953979107 0.016788721176391134
4.672401399203466 3.4787587734955387 0.010823946326772124
8.404178985222881 -6.71629234248525 0.026298393368562555
8.223414915511466 2.610123958047474 0.035090771756850804
1.302442444043093 -5.039099510747205 0.030023751508201843
-7.589376288706857 -2.624607139175783 0.03127567607582951
-2.7942407555509208 5.535408403984345 0.17452932856912445
1.2764635757989815 4.292613589644878 0.053144020137059725
-2.609632549072016 1.1079405685644002 0.29912281879200253
0.5242854899743428 -7.674981899680731 0.023728061628642362
-0.22001537592583276 -8.979290286152635 0.08821786022087282
-3.6180940618830704 3.293853250729148 0.34385161147201143
-9.960607782153472 9.370307257322828 0.017992430159439736
2.858047690998635 8.684855761354111 0.06731397194032492
0.004761439640274645 -9.543429054994343 0.08249123870601305
6.53497672979282 6.4688453788977505 0.08880630145775653
1.2278949706052238 -3.499483628176523 0.18295479658183733
7.229589781622131 -8.535482756974048 0.017696951789354497
8.092856633005955 -8.203710977130381 0.0034808201163550523
-0.8372242414195128 -0.5540872698846826 0.8148396423021063
9.81333012297916 6.598619310518078 0.034157951132501564
7.418451541717001 1.9722977096742138 0.02552397064504955
-3.2511657239417 -3.2769482595307187 0.42284064303811997
9.199468313230202 -5.874927865455792 0.04704431711961703
-9.14067668742012 -2.227941807736249 0.05095839659649781
1.1946040320917604 -8.510800657964326 0.025571872544853037
2.6851739087079434 5.071825932618639 0.093236934057278
6.692348933203345 0.07432284018327806 0.1965790168719595
-1.888955142409813 -2.160667663116998 0.13369863992575665
0.839336901600241 -8.541055603677929 0.04849056768966187
-8.817631310718898 -8.200031937638052 0.010064941112791508
-7.997051240910769 -7.272642858686609 0.004265329651886685
-7.568315692122212 -2.4806841094188004 0.03128260839630881
6.2260360646683885 -1.332198502727799 0.0565126137876328
7.129551946272965 -2.5626058754010543 0.0887835736711508
-3.9488252475782737 9.125195236391178 0.048044548630534915
6.98399612160954 -3.439856373187416 0.10906254966916647
-2.090891716244796 9.910676387033273 0.03003534032310009
5.7474377492203 9.770604018884356 0.03697927963631551
1.7927297246386225 -0.7233396298787103 0.17324375655972485
2.0940967592367166 8.074038779308474 0.013529762513456106
-3.514420610913702 -8.94122841485305 0.0670598185800377
4.420324869963837 -7.537723700870684 0.009729853614894885
-6.8653707518928275 -3.7315437513986023 0.10262498075654547
0.47488882261567333 7.433634711329017 0.06060652256295596
4.871992973206456 -3.7450575118355722 0.033747140661241196
4.60061830562675 9.147837653464062 0.007067294908281248
5.7899691187573055 3.607077450387518 0.16200423702383593
-4.324821157633291 6.189114978305177 0.06074170132238232
-0.154095265871117 -3.4971375984270807 0.576833922427018
7.5730950439054325 8.7894818716982 0.009332782994836957
2.9052510747537923 2.620655267465974 0.4576962693815515
-2.3491058850680453 7.223715760371455 0.06578854256414383
-7.839344055027084 -5.308962015501464 0.0007005845016432959
1.9105532613847025 -7.78827054041439 0.0030216229457799876
-3.2478952364268725 -1.1892586525832787 0.23378190111547512
-1.8425456826166613 -5.406699542703535 0.05117053520585964
-3.28042941075563 1.796924879640338 0.12764645755900525
-8.07266163559271 -6.637091155474302 0.012493423703974847
-5.968621116283681 -9.464840486193484 0.04560020667837177
4.5191421047429685 5.44289252507118 0.024243252934788725
9.87534908573716 -7.917501297207474 0.0016812818533340958
-8.485661628073718 7.657186336479441 0.005114868041891026
-1.0751803089748222 2.573734764372407 0.3164557471163849
7.354038667199404 4.972494328227683 0.012788422671289972
-6.074864007993284 9.107526352802083 0.04835824626353009
-1.4820232512198839 7.860023116243802 7.446923272020501e-05
-9.931697579105922 5.635355281274361 0.030992190566037373
4.459999741618555 1.1615975841810275 0.042759840488475226
3.68985898772511 9.727782522771161 0.05079299307249499
-1.5380790269344065 9.677418611893525 0.002416497593865557
9.796731547771753 8.482839235015824 0.014581703536438088
0.9485268020210107 -7.970815511065757 0.00935739340282564
-3.7084760597721678 0.0016608528878556683 0.490115063633887
5.595292926482877 -6.370203035265963 0.09118559497289028
-1.3231984688322775 -6.82023343604434 0.04156197543674128
0.26396759129773884 -1.1981778348570664 0.46695440492886575
8.995637184982929 -1.354894543382315 0.018779556100580637
-1.1757956326056256 -2.8248582277170486 0.2637341056122621
-2.7440626060285744 -9.777670102708436 0.05861368150408146
-1.4286106995781331 8.072218280251054 0.0039917495796537635
-0.14165293739104 -2.7602154904933123 0.731424911792627
7.393719107231757 -0.3324913237860567 0.0712358379496111
5.555172278918874 -4.2014497119864025 0.07162560714376778
3.1702948824083155 6.207668284435414 0.1952309303924713
-5.061396990238192 -9.610259697034788 0.017993596714639314
-2.9725219633822864 -6.85257971186318 0.1376888295739982
2.1519371460999874 8.609205869027363 0.03907576275470869
-7.428342257551012 8.274328072974292 0.00827747503311412
-1.0384103183738098 4.503790757281047 0.04504059208831731
9.091243206233749 1.0479833599231885 0.04466656138247261
5.809332522877082 -5.0445830316677505 0.044657924358507864
7.172091956305838 8.589887268318567 0.02029850851930175
-1.8844031041964513 -1.7837078987427475 0.05489864583478547
-7.8717687604692514 1.4334534445676788 0.0003382653422343072
-2.910208568564059 -5.809537978127699 0.19861296340185808
6.530633501868564 2.781580265068591 0.17030706733080292
0.11982082485685908 -2.215701161861878 0.5696965026255708
-9.240540428906602 -2.276970360511516 0.05346812491272206
-3.3023739580477507 -0.7832301066201488 0.4513229016382329
3.108197868704927 3.3385707019071003 0.42851682670104035
-6.826796827187016 9.922007184798428 0.027155686153092246
-1.1438691314642195 -2.9513888476052124 0.28312735499217206
0.5471996750776142 4.654634163477976 0.02067089606128489
9.988632646325918 6.240850876431775 0.03330906517425048
9.596739147923557 8.645404262756834 0.018913974837261312
-2.0074408937516193 -1.5766815112913442 0.0021256927401656946
-3.504434817272813 -9.203168785674796 0.06845765697640736
5.198099369465716 6.548621925077235 0.05550701330917218
1.4480438559162572 -0.8361711619028593 0.09401101184285665
8.483723612910392 8.860180005533746 0.01667405797970205
-0.2779283898195999 3.9853871427467418 0.33749909892174024
4.04279013209276 8.40053944747854 0.028845839204482047
-4.252458796077168 8.511616678760468 0.022756855595151983
-9.260905709998982 -1.349449803105177 0.01913733402239672
3.311443552112065 -4.619678800162701 0.02744142527086452
5.920623776751604 -5.962725825279838 0.10782221754800653
-2.9370000282664606 -0.8819964044898292 0.4478532180473753
3.0168184979677104 8.413975273831507 0.053568243430744907
-5.263959325173467 -9.9263615429948 0.02171468080631075
1.7382558075326333 7.302646961430437 0.014301818568758808
9.288793536622485 -6.357332069291823 0.04638050437477192
5.8537276605096995 -5.296579953286129 0.07218288626731387
-1.0569540305460592 8.499291799653122 0.03403283997606862
7.440325270977123 -8.189954018350168 0.006629719314076723
8.066272835858303 -4.81772301896094 0.0019334100888239313
-4.466109381290613 7.936835324686669 0.0019385840594346032
-8.223554233171043 -6.613096670941514 0.020279591610654832
3.3442898235512235 2.926127846007354 0.43510541411373693
7.082681802142162 -5.496150807245172 0.0495740992614262
-9.174143946569213 -9.788226910854602 0.020692835941409332
5.102333953758954 1.77241831037162 0.02515517453002014
9.591321360733826 -7.540184483922054 0.010430370089733323
-9.888792714450867 -6.1909729441398875 0.03644941653933919
-6.705264664305474 -1.700871310280153 0.02358730261673476
-8.394629176304944 -7.8814539318804755 0.000608837173623526
8.686473945347949 6.319737046654247 0.041177211187305524
4.419446936551681 1.6454114773540205 0.008939690364763853
1.457655672906279 0.37741262982752133 0.12707265489518496
8.946983696191023 -0.6814860775586062 0.06929572575911719
0.6271619346850681 9.42327743806051 0.06953037687140842
-2.844091483474034 -0.9719861982495601 0.3957610789251926
-9.893121648920207 -6.645333263598221 0.03141554163024584
-7.348521107837329 3.004187068042235 0.06802679059314189
1.782619388852817 0.7296332698431591 0.16493418067499976
1.331068753218707 -3.913920643053612 0.08574332563856095
-8.984462099871983 2.31349664606412 0.05553399985564761
0.6550148424378861 -7.514704731953438 0.042709550525602456
-5.256182485169747 1.2000826776312419 0.06214391590337928
-9.233179388639574 -1.9038952440449144 0.027717958909585817
-3.7993017677279717 -7.4693498619128444 0.03635503638454689
2.2551927224389363 -6.1177340299482985 0.1419142486945832
4.0798722449286355 -6.814737801189934 0.07218480996247337
1.4756439160701973 7.203008304961585 0.0099274973310892
-4.7258701337758 -9.716937133770099 0.0007042447714308753
-3.0542465191915946 1.1440265640231289 0.278069799170562
-6.5398470051812385 -5.822980800554419 0.09358760356253235
8.37519121825557 -2.6959285545104255 0.047847763028303805
-0.7581271221308725 9.44500099507955 0.061695149531540115
1.4040681214854231 -4.620987276317605 0.006056474432310645
7.049401573214272 3.8166783423885704 0.07774410980300699
-8.707606862964079 4.22063989039315 0.02827994091455914
9.859194760569551 5.310847286616124 0.024452392330051323
2.265705975429464 -6.761405946102581 0.10554566639686992
-2.6714342088204184 7.235303545158466 0.07907059207362918
2.4316872963422256 0.3489072390131476 0.6285281349781112
5.5225663893398185 4.5638092144487565 0.019689607952114392
-6.310753785880136 2.3406274363808617 0.14760280943538917
-0.4138218491659664 9.198985677210157 0.08289512769379102
-5.091469697770861 0.5303621982930267 0.1158984412366477
1.498731815995903 0.3140239779258618 0.08221023415105784
-0.8068961365425622 -6.062504244766949 0.17576648875626302
-6.527039783195503 -0.25331656782153544 0.21296309574127997
6.273577583748441 -7.664721112088191 0.013854876991080654
-6.357036661591724 -0.6511253735512685 0.18851301605351067
-7.002707398979271 -9.824001271432506 0.02484578120461029
-1.5668089031284964 4.327989113739001 0.000644796456643795
3.150540812312519 3.5077032471508733 0.3878705051434479
-0.4061584928273376 -0.23168246221184674 1.5301202210165907
-7.8836930823337115 -3.543577660895629 0.0030657906791211552
-4.020510508660131 -1.3360610165261804 0.07229346322140744
9.27010996241837 -6.683686818141497 0.04032657010173628
7.709930719850419 -9.555927819226518 0.004751367918049853
3.3673498566095255 2.080095536919906 0.25405038326453533
0.4545063664663136 0.9763644023058724 0.702825835023392
-3.397008191533029 8.158268110588601 0.03047502150685567
7.853922174892251 9.545185228059616 1.917133674386126e-06
-7.075540577798341 4.3489486954273975 0.03133277393151827
-9.223308724336736 4.199485510139461 0.03280062475651033
-9.123077873582455 -5.1915059467458 0.026612788964881177
3.828641645233784 -9.998605643405035 0.03660445638276935
-5.4252789220546145 -3.3971122844134243 0.14984239087878407
9.25859822943664 -0.7070786622107832 0.06788080502719379
8.577440463578768 -7.975887443378351 0.00324516847054735
4.521352587833826 -1.4880097535190462 0.006425346589460415
5.896090887116234 -5.73688934661456 0.10195828592011649
2.4689765832472244 -7.3913279769115015 0.05198444644446019
-6.764076100709886 8.643981371719274 0.032455963416306924
1.9338071200254898 -8.564382868927503 0.024812721544104462
0.6431325111351622 0.9858293697960203 0.5969209500733936
3.204608723785139 9.081845714670386 0.07584618091647138
4.88606082798065 -8.513613493364351 0.008033220834312467
2.1724116614849116 9.050224914545641 0.047342691806465984
-0.8797858062290977 8.251484062150052 0.031040709778080645
-8.156774154651673 -2.9894107571395923 0.03257252900395789
-3.699312652617392 -6.456786569615522 0.13990314348720875
8.43097321756553 0.06593376632981496 0.06551464210396961
9.136349842345538 5.665801552534376 0.04342871775238194
-2.586035577846177 -7.88882766672873 0.0037195759904457685
-6.5391761537127735 7.864477097634765 0.0006714119531835729
-0.06069169030736887 -6.532994759213963 0.21915259817435243
-6.283445873713802 -7.964651704848109 0.007508621109197084
-9.021447165387457 7.96490697376521 0.0036871354311052897
-9.574052137071336 3.262664936363551 0.06741048693762722
4.967081247549089 -6.3634000351235915 0.03406684773405562
6.168178005662277 -5.046781072044619 0.045766582057138
-8.680356749583622 6.148222684324388 0.04204811490347677
-0.8066319933984012 5.727193107756705 0.1709685572214898
-4.9911273864885235 5.923261261560528 0.03895104644529821
-7.318675464448676 0.8574118102704027 0.05725289037336002
-7.147028738142427 -6.405374415357031 0.0526036377467501
7.8050136361166444 -8.065674342365025 0.0004879966463518146
8.655385696795651 -8.679998559150139 0.017752495884917882
4.952564969650421 3.2918515941573983 0.06479931501986387
-0.7589449238247461 5.145032810935641 0.10747850948475388
-1.1087237530810885 8.257945732803595 0.021799848992263705
-6.707015042793694 2.341653422437197 0.11897575440560042
7.40007648148886 -9.420784212933048 0.016171160692910264
-4.982889535795989 3.8068226550660498 0.05199593685616002
0.5808245933307568 -5.428561191234149 0.17788024099006933
-4.516307496017942 3.6161422184971137 0.050381322663093184
3.0193782367482846 -9.69152051328356 0.06495876700362327
-3.447319802819308 7.057291243127107 0.09947707031223715
-3.182513781485092 -2.552682035966285 0.4265250055639332
-2.272134237077088 9.710278267907984 0.044578863548509484
6.18213644713903 -8.242008325070692 0.024278463976202216
-5.788067808588416 7.26876997174319 0.04391215657405351
3.0955126670986033 -5.035047791783327 0.0883322092119033
4.235901308377251 8.598069159992011 0.02545375488992717
-6.823956910262645 -3.370489104481549 0.1320969455747078
-4.452701537248307 6.017250569420959 0.040869470712681974
-1.3221661246197378 5.068312427533289 0.02992127754377781
2.7543981627126044 -4.700693634443152 0.0035230491629279583
9.947414363582968 7.689664859616631 0.004289332323693718
-3.82789310076104 9.018002080175016 0.05424323747388477
-4.5197201848139335 -9.849296798851814 0.009418746287988477
9.397314169613932 -6.27027965037541 0.04628049413167953
7.90441487434008 -7.624874516172595 0.0005887008046728114
-8.659836214437105 -1.0237704192079082 0.04101834557191875
-0.8161270904336355 -8.895447334420751 0.06021135783947904
-9.979880018505638 0.2238380222471097 0.05947024104263977
-5.529095506227531 -9.351475229876439 0.038890071932261294
3.214248944042522 1.2257654664173945 0.21433448284804862
6.49426377979535 -7.913887378140689 0.00385896332414385
8.302954829173864 -1.3407341486679147 0.01199560711306218
0.565788006112518 3.201150550417232 0.5702834333262375
5.863099280025995 1.9880220576461838 0.093969747122295
2.033403418992009 3.2624212316940504 0.24600980620635157
-5.088362256663254 -3.4823770724605367 0.08862955117617616
-7.380008796432691 4.71243347308466 2.193278926856966e-06
-1.6584421830495657 6.387555937585947 0.019296698713395143
0.4883195177336148 -8.302785303414113 0.04790714192035287
3.194068077464056 -8.70803941899668 0.06839619461067643
8.98013221955625 -6.615402835180175 0.04144874430107421
-0.8431750699897567 -9.475565696747712 0.05574484631903051
-4.870082051235967 3.2278663749419216 0.04462820747292731
-6.905721407975591 -8.062470158906569 0.009771405729365757
-1.0680667109248994 3.4326042032961706 0.27850889663002854
6.016430953751399 -7.205124915041051 0.051021589394129166
-0.936217797207167 -7.551087091838607 0.02799592056186825
3.9088431341407315 -1.6552836828710795 0.029513485056078367
2.742934063210967 5.384819247975541 0.15315660206515788
0.2093163725499103 8.61976007446443 0.07656577390495849
1.1900602328474825 3.041916902388337 0.24893533716322205
0.08691960072027705 -7.70353143806966 0.02290177356967715
-0.8591135155555882 2.5599170073666038 0.443696506615257
-0.45765142776386547 3.9505975948738143 0.328943926953642
-6.00187956419866 -1.1207681581791658 0.10919810940329922
-1.8358848832879922 4.9538648204573015 0.021535693277876234
7.5452229775029025 4.173806861623397 0.017599944676473314
8.4381026731538 5.1337928468469745 0.016767099716664107
2.8746443839015505 -1.235429275156184 0.2237514929214992
-5.052651036234859 6.912048809309965 0.031099820188173404
-6.069712187587333 2.3340081413093827 0.1546270094844514
4.242757452330467 6.7027939692240714 0.058736832065423523
-6.5747476509883 5.06708121475792 0.04181690504854416
6.14266807636346 -6.132889134701118 0.1084492696332503
-6.851185847876393 0.841532206164846 0.11252923391192544
3.984344212550626 -6.061789069520582 0.11568221549260378
4.737318269316756 -3.451234595794115 0.006730446277871491
8.938349280347609 5.845336842633737 0.04553740259182966
1.4160973568328838 -1.0379717549183471 0.08718608895996897
8.630275972223743 -5.299689342420091 0.026546339539607503
9.536722475172553 6.220029350005202 0.0445824699428743
-3.8506888286228698 7.866964562492889 0.0010632487993850284
-8.677325573654453 6.766874499136964 0.03315012374207326
-1.6311803657822388 -9.878185264947062 0.0038552200966908393
7.945121573221861 3.228368298301758 0.010399221853416215
9.640563144809438 -7.25049621105047 0.019886305752766873
-9.20707498181201 -6.248060475843548 0.04781900397390041
5.1915042247734995 -0.5573657113555548 0.13727413630433782
-4.549939843991162 4.1443993839176745 0.02236719230146516
-1.1677577246585429 -3.926656461123052 0.14162446772226303
6.5393361646762 4.310424108278454 0.055620145259057854
-4.831032765811343 6.32056377626445 0.01668360625065625
8.796462630366925 5.910526457472924 0.044048135906799644
9.92400583658722 -0.44734920113357823 0.057730798655726556
-7.9061337331450705 -2.106312053289705 0.003479092174194921
5.403740752026181 5.077693358610453 0.03846572298609245
1.3756941060784005 4.326139098762114 0.03216427930384209
-3.4795046956318076 -3.226918420733882 0.3865282264324818
-5.731824804116201 -3.5133146674767364 0.16881625167638886
-2.2244354191337994 -5.394565307912059 0.10963112720713153
7.674425218746368 -6.747650837516748 0.01059041047190284
-3.6641441951095715 -5.184524086098685 0.09496701271395243
8.591176154029764 -8.869937659425066 0.01863492807800329
-8.073971211548105 5.236961219952095 0.00884011377864234
-4.599941162828802 8.024959442060318 0.0017491878179071167
-9.868142513451145 -1.5927651836920926 0.0014177270534938896
-5.037826572449278 0.7014564954625531 0.08964106985220613
8.816396739572479 -0.8125898743225424 0.05899060399183401
-0.43465815464679736 0.9115377200659367 0.7935586688408771
5.756540026863453 3.823065915651627 0.13416352606880327
-5.4883473630926645 -5.256107730806807 0.05754837100682742
-7.797467111607331 0.9281462018249176 0.004941392065461285
-6.981377750347606 -3.9375921283302056 0.07409126074585921
-3.135621075032729 5.106165866972667 0.10412319870173153
6.451479393077815 -8.024419764828465 0.010808782472605152
4.244035188503354 -8.973693029256571 0.029703307896500296
7.30027696299835 -1.102175626447444 0.04054086181594937
4.706114210093148 3.7438107369839955 0.001393266680991388
-8.133759307541002 -8.09723580738206 0.00290037594007364
7.831911250384994 -0.8317189220626418 0.002153030648900075
-9.87643126061257 -8.204005048573322 0.008543642035081317
8.9368513127351 -5.944771560336473 0.04655354306809702
-1.6283565645495575 2.4095834656913606 0.03246256746084186
4.244412900561443 1.521889485334846 0.0098114810744649
-7.890112828487883 -2.818041268724123 0.00419565976239742
1.1793687548827734 -8.660890404106913 0.029908843680736125
-7.250626472744801 -9.577289087700738 0.020459384161015306
4.476769462488798 -7.3453391732394735 0.012925911474893621
-8.384560152800214 -6.237318351788095 0.03104142497460645
-8.789482085030883 -8.573473238950864 0.01770819976858443
9.872243355422412 -7.3339205418356705 0.014857935217986503
-8.136837199007 4.271027485030567 0.011144244193698796
-5.286574036875966 9.440126184364349 0.02948498971891631
3.3221679539827136 5.719944362680449 0.18342556474931976
-4.063018004096735 -8.122388218570844 0.015537556458481433
-3.9687037897707604 -5.174770030759943 0.06870103841995527
3.968652315163588 -4.225988758468986 0.09164878868778889
1.5257429048875224 -3.419527032987297 0.024862721952494324
1.6709202351363501 2.2714358445452554 0.050349258579739695
3.897228123663039 9.65293286203638 0.04412277544727256
-0.3165100175889801 -4.752510075951495 0.01558257309214214
-7.617053977118989 -9.976826973142705 0.00609010090491843
-8.43964506909826 3.915392760966183 0.0355781434194248
-7.5189113325701555 5.022882897984475 0.009863990586274
2.562754117862845 -1.4462768159194361 0.07796920508802835
-2.153282800482783 4.73362935990685 0.0041283059940073275
3.845850843262081 -3.69037410193342 0.22002123982547508
-4.452277888979863 4.654763317799521 0.0034609138057873977
-3.749162505654895 -3.0465078104641563 0.32665173902878586
-8.225728681935172 -1.6549168800249205 0.0037235833743816046
8.818215754980539 -3.7317539173066594 0.05611118105320561
7.586869581282333 -6.629188353772657 0.01727829275981213
-6.347172443706992 -9.92519472386234 0.03450083280344052
-10.0 -10.0 0.012628278310946178
-10.0 10.0 0.012628278310946178
10.0 -10.0 0.012628278310946178
10.0 10.0 0.012628278310946178
